Destination,Length
23.203.229.97,2
2600:1406:1a:38c::29a7,1
2600:1406:1a:397::29a7,1
72.21.91.29,3
